903
259
467
52
222
898
730
792
544
735
160
887
174
729
351
467
25
998
519
901
820
591
309
767
947
641
1000
982
289
381
296
877
751
379
406
647
110
798
913
812
595
322
389
171
854
85
658
199
505
562
251
611
375
529
702
644
515
546
68
120
994
305
875
510
152
435
994
724
584
13
242
571
928
902
286
41
102
236
320
724
651
519
880
968
782
370
679
843
942
937
544
554
142
981
297
83
921
77
850
735
300
829
763
291
605
652
522
409
395
94
787
512
145
100
589
872
433
775
676
668
241
563
913
550
866
411
45
832
236
491
531
548
724
834
733
770
946
43
244
893
151
537
819
360
356
118
129
147
110
944
158
906
220
62
495
478
616
271
880
11
219
726
361
814
35
656
265
992
360
108
175
467
877
497
637
356
616
143
610
277
772
61
278
172
308
179
114
504
594
336
669
197
500
87
51
619
876
384
405
499
744
603
724
262
269
388
614
412
702
619
103
163
212
899
743
89
218
610
452
94
441
211
344
914
496
90
667
915
88
291
263
765
880
984
936
878
643
864
869
855
262
656
242
219
396
414
728
864
387
694
477
785
828
10
998
806
730
823
179
878
936
787
406
85
369
954
96
30
329
273
780
230
852
254
917
99
215
445
118
97
207
707
879
570
431
568
799
937
426
19
482
234
420
268
468
371
80
828
753
382
163
811
84
683
791
765
749
509
268
159
927
53
391
770
758
265
848
714
34
487
632
254
72
530
309
68
859
998
841
385
837
867
149
276
850
752
702
781
951
220
412
235
523
892
893
130
907
591
369
877
552
937
191
530
577
438
564
213
721
51
497
959
644
193
173
711
692
277
41
93
563
396
928
675
746
96
793
810
218
701
747
82
281
796
723
745
913
757
793
565
281
3
723
553
90
95
260
119
991
941
972
413
264
879
395
404
82
106
911
574
858
385
840
682
269
762
20
2
914
549
46
131
1000
983
473
706
206
401
284
383
555
822
816
732
906
317
424
557
72
28
67
228
635
960
60
933
351
214
538
904
593
416
365
508
122
661
506
878
210
620
176
475
439
523
856
446
722
978
323
0
12
829
235
179
843
646
769
304
563
634
598
878
898
898
121
527
937
911
353
367
127
450
146
88
415
779
359
382
271
204